6 15
0.87 0.69 0.37 0.22 0.16 0.99 72.38
0.24 0.42 0.23 0.75 0.30 0.56 107.39
0.55 0.54 0.25 0.44 0.02 0.63 74.76
0.39 0.36 0.82 0.99 0.49 0.60 152.03
0.40 0.76 0.52 0.76 0.58 0.03 140.92
0.20 0.43 0.50 0.04 0.12 0.86 68.63
0.74 0.59 0.12 0.65 0.92 0.54 146.89
0.36 0.19 0.01 0.03 0.34 0.79 78.62
0.38 0.49 0.32 0.34 0.31 0.67 96.13
0.07 0.65 0.97 0.03 0.92 0.94 151.32
0.68 0.65 0.52 0.03 0.40 0.45 87.63
0.26 0.82 0.58 0.07 0.99 0.73 146.44
0.29 0.48 0.36 0.29 0.71 0.32 125.81
0.46 0.67 0.70 0.79 0.98 0.88 179.37
0.61 0.20 0.68 0.51 0.31 0.05 108.08